u=[ -2.5100000e+000
 -2.5100000e+000
 -2.5100000e+000
 -2.5100000e+000
 -2.5100000e+000
 -2.5100000e+000
 -2.5100000e+000
 -2.5100000e+000
 -2.5100000e+000
 -2.5100000e+000
 -2.5100000e+000
 -2.5100000e+000
 -2.5100000e+000
 -2.5100000e+000
 -2.5100000e+000
 -2.5100000e+000
 -2.5100000e+000
 -2.5100000e+000
 -2.5100000e+000
 -2.5100000e+000
 -2.5100000e+000
 -2.5100000e+000
 -2.5100000e+000
 -2.5100000e+000
 -2.5100000e+000
 -2.5100000e+000
 -2.5100000e+000
 -2.5100000e+000
 -2.5100000e+000
 -2.5100000e+000
 -2.5100000e+000
 -2.5100000e+000
 -2.5100000e+000
 -2.5100000e+000
 -2.5100000e+000
 -2.5100000e+000
 -2.5100000e+000
 -2.5100000e+000
 -2.5100000e+000
 -2.5100000e+000
 -2.5100000e+000
 -2.5100000e+000
 -2.5100000e+000
 -2.5100000e+000
 -2.5100000e+000
 -2.5100000e+000
 -2.5100000e+000
 -2.5100000e+000
 -2.5100000e+000
 -2.5100000e+000
 -2.5100000e+000
 -2.5100000e+000
 -2.5100000e+000
 -2.5100000e+000
 -2.5100000e+000
 -2.5100000e+000
 -2.5100000e+000
 -2.5100000e+000
 -2.5100000e+000
 -2.5100000e+000
 -2.5100000e+000
 -2.5100000e+000
 -2.5100000e+000
 -2.5100000e+000
 -2.5100000e+000
 -2.5100000e+000
 -2.5100000e+000
 -2.5100000e+000
 -2.5100000e+000
 -2.5100000e+000
 -2.5100000e+000
 -2.5100000e+000
 -2.5100000e+000
 -2.5100000e+000
 -2.5100000e+000
 -2.5100000e+000
 -2.5100000e+000
 -2.5100000e+000
 -2.5100000e+000
 -2.5100000e+000
 -2.5100000e+000
 -2.5100000e+000
 -2.5100000e+000
 -2.5100000e+000
 -2.5100000e+000
 -2.5100000e+000
 -2.5100000e+000
 -2.5100000e+000
 -2.5100000e+000
 -2.5100000e+000
 -2.5100000e+000
 -2.5100000e+000
 -2.5100000e+000
 -2.5100000e+000
 -2.5100000e+000
 -2.5100000e+000
 -2.5100000e+000
 -2.5100000e+000
 -2.5100000e+000
 -2.5100000e+000
  2.5100000e+000
  2.5100000e+000
  2.5100000e+000
  2.5100000e+000
  2.5100000e+000
  2.5100000e+000
  2.5100000e+000
  2.5100000e+000
  2.5100000e+000
  2.5100000e+000
  2.5100000e+000
  2.5100000e+000
  2.5100000e+000
  2.5100000e+000
  2.5100000e+000
  2.5100000e+000
  2.5100000e+000
  2.5100000e+000
  2.5100000e+000
  2.5100000e+000
  2.5100000e+000
  2.5100000e+000
  2.5100000e+000
  2.5100000e+000
  2.5100000e+000
  2.5100000e+000
  2.5100000e+000
  2.5100000e+000
  2.5100000e+000
  2.5100000e+000
  2.5100000e+000
  2.5100000e+000
  2.5100000e+000
  2.5100000e+000
  2.5100000e+000
  2.5100000e+000
  2.5100000e+000
  2.5100000e+000
  2.5100000e+000
  2.5100000e+000
  2.5100000e+000
  2.5100000e+000
  2.5100000e+000
  2.5100000e+000
  2.5100000e+000
  2.5100000e+000
  2.5100000e+000
  2.5100000e+000
  2.5100000e+000
  2.5100000e+000
  2.5100000e+000
  2.5100000e+000
  2.5100000e+000
  2.5100000e+000
  2.5100000e+000
  2.5100000e+000
  2.5100000e+000
  2.5100000e+000
  2.5100000e+000
  2.5100000e+000
  2.5100000e+000
  2.5100000e+000
  2.5100000e+000
  2.5100000e+000
  2.5100000e+000
  2.5100000e+000
  2.5100000e+000
  2.5100000e+000
  2.5100000e+000
  2.5100000e+000
  2.5100000e+000
  2.5100000e+000
  2.5100000e+000
  2.5100000e+000
  2.5100000e+000
  2.5100000e+000
  2.5100000e+000
  2.5100000e+000
  2.5100000e+000
  2.5100000e+000
  2.5100000e+000
  2.5100000e+000
  2.5100000e+000
  2.5100000e+000
  2.5100000e+000
  2.5100000e+000
  2.5100000e+000
  2.5100000e+000
  2.5100000e+000
  2.5100000e+000
  2.5100000e+000
  2.5100000e+000
  2.5100000e+000
  2.5100000e+000
  2.5100000e+000
  2.5100000e+000
  2.5100000e+000
  2.5100000e+000
  2.5100000e+000
  2.5100000e+000
 -2.5100000e+000
 -2.5100000e+000
 -2.5100000e+000
 -2.5100000e+000
 -2.5100000e+000
 -2.5100000e+000
 -2.5100000e+000
 -2.5100000e+000
 -2.5100000e+000
 -2.5100000e+000
 -2.5100000e+000
 -2.5100000e+000
 -2.5100000e+000
 -2.5100000e+000
 -2.5100000e+000
 -2.5100000e+000
 -2.5100000e+000
 -2.5100000e+000
 -2.5100000e+000
 -2.5100000e+000
 -2.5100000e+000
 -2.5100000e+000
 -2.5100000e+000
 -2.5100000e+000
 -2.5100000e+000
 -2.5100000e+000
 -2.5100000e+000
 -2.5100000e+000
 -2.5100000e+000
 -2.5100000e+000
 -2.5100000e+000
 -2.5100000e+000
 -2.5100000e+000
 -2.5100000e+000
 -2.5100000e+000
 -2.5100000e+000
 -2.5100000e+000
 -2.5100000e+000
 -2.5100000e+000
 -2.5100000e+000
 -2.5100000e+000
 -2.5100000e+000
 -2.5100000e+000
 -2.5100000e+000
 -2.5100000e+000
 -2.5100000e+000
 -2.5100000e+000
 -2.5100000e+000
 -2.5100000e+000
 -2.5100000e+000
 -2.5100000e+000
 -2.5100000e+000
 -2.5100000e+000
 -2.5100000e+000
 -2.5100000e+000
 -2.5100000e+000
 -2.5100000e+000
 -2.5100000e+000
 -2.5100000e+000
 -2.5100000e+000
 -2.5100000e+000
 -2.5100000e+000
 -2.5100000e+000
 -2.5100000e+000
 -2.5100000e+000
 -2.5100000e+000
 -2.5100000e+000
 -2.5100000e+000
 -2.5100000e+000
 -2.5100000e+000
 -2.5100000e+000
 -2.5100000e+000
 -2.5100000e+000
 -2.5100000e+000
 -2.5100000e+000
 -2.5100000e+000
 -2.5100000e+000
 -2.5100000e+000
 -2.5100000e+000
 -2.5100000e+000
 -2.5100000e+000
 -2.5100000e+000
 -2.5100000e+000
 -2.5100000e+000
 -2.5100000e+000
 -2.5100000e+000
 -2.5100000e+000
 -2.5100000e+000
 -2.5100000e+000
 -2.5100000e+000
 -2.5100000e+000
 -2.5100000e+000
 -2.5100000e+000
 -2.5100000e+000
 -2.5100000e+000
 -2.5100000e+000
 -2.5100000e+000
 -2.5100000e+000
 -2.5100000e+000
 -2.5100000e+000
  2.5100000e+000
  2.5100000e+000
  2.5100000e+000
  2.5100000e+000
  2.5100000e+000
  2.5100000e+000
  2.5100000e+000
  2.5100000e+000
  2.5100000e+000
  2.5100000e+000
  2.5100000e+000
  2.5100000e+000
  2.5100000e+000
  2.5100000e+000
  2.5100000e+000
  2.5100000e+000
  2.5100000e+000
  2.5100000e+000
  2.5100000e+000
  2.5100000e+000
  2.5100000e+000
  2.5100000e+000
  2.5100000e+000
  2.5100000e+000
  2.5100000e+000
  2.5100000e+000
  2.5100000e+000
  2.5100000e+000
  2.5100000e+000
  2.5100000e+000
  2.5100000e+000
  2.5100000e+000
  2.5100000e+000
  2.5100000e+000
  2.5100000e+000
  2.5100000e+000
  2.5100000e+000
  2.5100000e+000
  2.5100000e+000
  2.5100000e+000
  2.5100000e+000
  2.5100000e+000
  2.5100000e+000
  2.5100000e+000
  2.5100000e+000
  2.5100000e+000
  2.5100000e+000
  2.5100000e+000
  2.5100000e+000
  2.5100000e+000
  2.5100000e+000
  2.5100000e+000
  2.5100000e+000
  2.5100000e+000
  2.5100000e+000
  2.5100000e+000
  2.5100000e+000
  2.5100000e+000
  2.5100000e+000
  2.5100000e+000
  2.5100000e+000
  2.5100000e+000
  2.5100000e+000
  2.5100000e+000
  2.5100000e+000
  2.5100000e+000
  2.5100000e+000
  2.5100000e+000
  2.5100000e+000
  2.5100000e+000
  2.5100000e+000
  2.5100000e+000
  2.5100000e+000
  2.5100000e+000
  2.5100000e+000
  2.5100000e+000
  2.5100000e+000
  2.5100000e+000
  2.5100000e+000
  2.5100000e+000
  2.5100000e+000
  2.5100000e+000
  2.5100000e+000
  2.5100000e+000
  2.5100000e+000
  2.5100000e+000
  2.5100000e+000
  2.5100000e+000
  2.5100000e+000
  2.5100000e+000
  2.5100000e+000
  2.5100000e+000
  2.5100000e+000
  2.5100000e+000
  2.5100000e+000
  2.5100000e+000
  2.5100000e+000
  2.5100000e+000
  2.5100000e+000
  2.5100000e+000
 -2.5100000e+000];
